checkpoint,phenomenon,s1_pref,s2_pref,s3_pref
0,wh_questions,0.568,0.124,0.308
0,yn_questions,0.646,0.354,0.0
10000,wh_questions,0.964,0.01,0.026
10000,yn_questions,0.628,0.372,0.0
20000,wh_questions,0.782,0.064,0.154
20000,yn_questions,0.766,0.234,0.0
30000,wh_questions,0.844,0.02,0.136
30000,yn_questions,0.862,0.138,0.0
40000,wh_questions,0.716,0.048,0.236
40000,yn_questions,0.754,0.246,0.0
50000,wh_questions,0.752,0.046,0.202
50000,yn_questions,0.792,0.208,0.0
64000,wh_questions,0.9,0.024,0.076
64000,yn_questions,0.88,0.12,0.0
64010,wh_questions,0.53,0.008,0.462
64010,yn_questions,0.798,0.202,0.0
64020,wh_questions,0.544,0.044,0.412
64020,yn_questions,0.844,0.156,0.0
64030,wh_questions,0.544,0.092,0.364
64030,yn_questions,0.85,0.15,0.0
64040,wh_questions,0.564,0.116,0.32
64040,yn_questions,0.872,0.128,0.0
64050,wh_questions,0.526,0.134,0.34
64050,yn_questions,0.886,0.114,0.0
64060,wh_questions,0.494,0.178,0.328
64060,yn_questions,0.888,0.112,0.0
64070,wh_questions,0.508,0.154,0.338
64070,yn_questions,0.894,0.106,0.0
64080,wh_questions,0.484,0.148,0.368
64080,yn_questions,0.89,0.11,0.0
64090,wh_questions,0.48,0.178,0.342
64090,yn_questions,0.902,0.098,0.0
64100,wh_questions,0.456,0.18,0.364
64100,yn_questions,0.902,0.098,0.0
64110,wh_questions,0.468,0.19,0.342
64110,yn_questions,0.894,0.106,0.0
64120,wh_questions,0.448,0.236,0.316
64120,yn_questions,0.906,0.094,0.0
64130,wh_questions,0.386,0.312,0.302
64130,yn_questions,0.898,0.102,0.0
64140,wh_questions,0.364,0.292,0.344
64140,yn_questions,0.906,0.094,0.0
64150,wh_questions,0.37,0.31,0.32
64150,yn_questions,0.906,0.094,0.0
64160,wh_questions,0.284,0.388,0.328
64160,yn_questions,0.88,0.12,0.0
64170,wh_questions,0.264,0.42,0.316
64170,yn_questions,0.866,0.134,0.0
64180,wh_questions,0.274,0.406,0.32
64180,yn_questions,0.88,0.12,0.0
64190,wh_questions,0.274,0.414,0.312
64190,yn_questions,0.898,0.102,0.0
64200,wh_questions,0.228,0.442,0.33
64200,yn_questions,0.882,0.118,0.0
64300,wh_questions,0.23,0.42,0.35
64300,yn_questions,0.874,0.126,0.0
64400,wh_questions,0.138,0.488,0.374
64400,yn_questions,0.874,0.126,0.0
64500,wh_questions,0.106,0.486,0.408
64500,yn_questions,0.872,0.128,0.0
64600,wh_questions,0.044,0.498,0.458
64600,yn_questions,0.804,0.196,0.0
64700,wh_questions,0.028,0.498,0.474
64700,yn_questions,0.766,0.234,0.0
64800,wh_questions,0.01,0.47,0.52
64800,yn_questions,0.738,0.262,0.0
64900,wh_questions,0.014,0.466,0.52
64900,yn_questions,0.742,0.258,0.0
65000,wh_questions,0.008,0.442,0.55
65000,yn_questions,0.73,0.27,0.0
66000,wh_questions,0.002,0.366,0.632
66000,yn_questions,0.604,0.396,0.0
67000,wh_questions,0.0,0.344,0.656
67000,yn_questions,0.504,0.496,0.0
68000,wh_questions,0.0,0.316,0.684
68000,yn_questions,0.428,0.572,0.0
69000,wh_questions,0.0,0.318,0.682
69000,yn_questions,0.49,0.51,0.0
70000,wh_questions,0.0,0.354,0.646
70000,yn_questions,0.522,0.478,0.0
80000,wh_questions,0.004,0.282,0.714
80000,yn_questions,0.412,0.588,0.0
90000,wh_questions,0.024,0.264,0.712
90000,yn_questions,0.464,0.536,0.0
100000,wh_questions,0.0,0.276,0.724
100000,yn_questions,0.464,0.536,0.0
110000,wh_questions,0.0,0.256,0.744
110000,yn_questions,0.436,0.564,0.0
120000,wh_questions,0.004,0.26,0.736
120000,yn_questions,0.436,0.564,0.0
128000,wh_questions,0.004,0.258,0.738
128000,yn_questions,0.426,0.574,0.0
