checkpoint,phenomenon,s1_pref,s2_pref,s3_pref
0,wh_questions,0.574,0.18,0.246
0,yn_questions,0.598,0.402,0.0
10000,wh_questions,0.434,0.174,0.392
10000,yn_questions,0.68,0.32,0.0
20000,wh_questions,0.54,0.242,0.218
20000,yn_questions,0.714,0.286,0.0
30000,wh_questions,0.46,0.246,0.294
30000,yn_questions,0.72,0.28,0.0
40000,wh_questions,0.56,0.15,0.29
40000,yn_questions,0.78,0.22,0.0
50000,wh_questions,0.702,0.048,0.25
50000,yn_questions,0.846,0.154,0.0
64000,wh_questions,0.544,0.116,0.34
64000,yn_questions,0.824,0.176,0.0
64010,wh_questions,0.58,0.08,0.34
64010,yn_questions,0.808,0.192,0.0
64020,wh_questions,0.592,0.086,0.322
64020,yn_questions,0.832,0.168,0.0
64030,wh_questions,0.564,0.106,0.33
64030,yn_questions,0.906,0.094,0.0
64040,wh_questions,0.532,0.152,0.316
64040,yn_questions,0.92,0.08,0.0
64050,wh_questions,0.5,0.146,0.354
64050,yn_questions,0.91,0.09,0.0
64060,wh_questions,0.486,0.16,0.354
64060,yn_questions,0.938,0.062,0.0
64070,wh_questions,0.44,0.16,0.4
64070,yn_questions,0.918,0.082,0.0
64080,wh_questions,0.396,0.174,0.43
64080,yn_questions,0.91,0.09,0.0
64090,wh_questions,0.35,0.14,0.51
64090,yn_questions,0.856,0.144,0.0
64100,wh_questions,0.346,0.156,0.498
64100,yn_questions,0.82,0.18,0.0
64110,wh_questions,0.258,0.17,0.572
64110,yn_questions,0.878,0.122,0.0
64120,wh_questions,0.196,0.188,0.616
64120,yn_questions,0.82,0.18,0.0
64130,wh_questions,0.15,0.192,0.658
64130,yn_questions,0.788,0.212,0.0
64140,wh_questions,0.2,0.162,0.638
64140,yn_questions,0.746,0.254,0.0
64150,wh_questions,0.176,0.18,0.644
64150,yn_questions,0.73,0.27,0.0
64160,wh_questions,0.134,0.218,0.648
64160,yn_questions,0.75,0.25,0.0
64170,wh_questions,0.122,0.19,0.688
64170,yn_questions,0.77,0.23,0.0
64180,wh_questions,0.088,0.202,0.71
64180,yn_questions,0.704,0.296,0.0
64190,wh_questions,0.086,0.164,0.75
64190,yn_questions,0.672,0.328,0.0
64200,wh_questions,0.044,0.15,0.806
64200,yn_questions,0.624,0.376,0.0
64300,wh_questions,0.024,0.206,0.77
64300,yn_questions,0.614,0.386,0.0
64400,wh_questions,0.01,0.212,0.778
64400,yn_questions,0.574,0.426,0.0
64500,wh_questions,0.01,0.272,0.718
64500,yn_questions,0.54,0.46,0.0
64600,wh_questions,0.004,0.25,0.746
64600,yn_questions,0.544,0.456,0.0
64700,wh_questions,0.006,0.214,0.78
64700,yn_questions,0.526,0.474,0.0
64800,wh_questions,0.006,0.218,0.776
64800,yn_questions,0.514,0.486,0.0
64900,wh_questions,0.014,0.228,0.758
64900,yn_questions,0.528,0.472,0.0
65000,wh_questions,0.008,0.196,0.796
65000,yn_questions,0.534,0.466,0.0
66000,wh_questions,0.006,0.198,0.796
66000,yn_questions,0.47,0.53,0.0
67000,wh_questions,0.01,0.134,0.856
67000,yn_questions,0.436,0.564,0.0
68000,wh_questions,0.002,0.152,0.846
68000,yn_questions,0.42,0.58,0.0
69000,wh_questions,0.0,0.098,0.902
69000,yn_questions,0.392,0.608,0.0
70000,wh_questions,0.0,0.128,0.872
70000,yn_questions,0.402,0.598,0.0
80000,wh_questions,0.0,0.086,0.914
80000,yn_questions,0.356,0.644,0.0
90000,wh_questions,0.002,0.1,0.898
90000,yn_questions,0.332,0.668,0.0
100000,wh_questions,0.006,0.122,0.872
100000,yn_questions,0.258,0.742,0.0
110000,wh_questions,0.004,0.072,0.924
110000,yn_questions,0.274,0.726,0.0
120000,wh_questions,0.004,0.12,0.876
120000,yn_questions,0.24,0.76,0.0
128000,wh_questions,0.004,0.106,0.89
128000,yn_questions,0.244,0.756,0.0
